6270,4180,131
6273,4182,132
6276,4184,133
6279,4186,134
6282,4188,135
6285,4190,136
6288,4192,137
6291,4194,138
6294,4196,139
6297,4198,140
6300,4200,141
6303,4202,142
6306,4204,143
6309,4206,144
6312,4208,145
6315,4210,146
6318,4212,147
6321,4214,148
6324,4216,149
6327,4218,150
6330,4220,151
6333,4222,152
6336,4224,153
6339,4226,154
6342,4228,155
6345,4230,156
6348,4232,157
6351,4234,158
6354,4236,159
6357,4238,160
6360,4240,161
6363,4242,162
6366,4244,163
6369,4246,164
6372,4248,165
6375,4250,166
6378,4252,167
6381,4254,168
6384,4256,169
6387,4258,170
6390,4260,171
6393,4262,172
6396,4264,173
6399,4266,174
6402,4268,175
6405,4270,176
6408,4272,177
6411,4274,178
6414,4276,179
6417,4278,180
6420,4280,181
6423,4282,182
6426,4284,183
6429,4286,184
6432,4288,185
6435,4290,186
6438,4292,187
6441,4294,188
6444,4296,189
6447,4298,190
6450,4300,191
6453,4302,192
6456,4304,193
6459,4306,194
6462,4308,195
6465,4310,196
6468,4312,197
6471,4314,198
6474,4316,199
6477,4318,200
6480,4320,201
6483,4322,202
6486,4324,203
6489,4326,204
6492,4328,205
6495,4330,206
6498,4332,207
6501,4334,208
6504,4336,209
6507,4338,210
6510,4340,211
6513,4342,212
6516,4344,213
6519,4346,214
6522,4348,215
6525,4350,216
6528,4352,217
6531,4354,218
6534,4356,219
6537,4358,220
6540,4360,221
6543,4362,222
6546,4364,223
6549,4366,224
6552,4368,225
6555,4370,226
6558,4372,227
6561,4374,228
6564,4376,229
6567,4378,230
6570,4380,231
6573,4382,232
6576,4384,233
6579,4386,234
6582,4388,235
6585,4390,236
6588,4392,237
6591,4394,238
6594,4396,239
6597,4398,240
6600,4400,241
6603,4402,242
6606,4404,243
6609,4406,244
6612,4408,245
6615,4410,246
6618,4412,247
6621,4414,248
6624,4416,249
6627,4418,250
6630,4420,251
6633,4422,252
6636,4424,253
6639,4426,254
6642,4428,255
6645,4430,256
6648,4432,257
6651,4434,258
6654,4436,259
6657,4438,260
6660,4440,261
6663,4442,262
6666,4444,263
6669,4446,264
6672,4448,265
6675,4450,266
6678,4452,267
6681,4454,268
6684,4456,269
6687,4458,270
6690,4460,271
6693,4462,272
6696,4464,273
6699,4466,274
6702,4468,275
6705,4470,276
6708,4472,277
6711,4474,278
6714,4476,279
6717,4478,280
6720,4480,281
6723,4482,282
6726,4484,283
6729,4486,284
6732,4488,285
6735,4490,286
6738,4492,287
6741,4494,288
6744,4496,289
6747,4498,290
6750,4500,291
6753,4502,292
6756,4504,293
6759,4506,294
6762,4508,295
6765,4510,296
6768,4512,297
6771,4514,298
6774,4516,299
6777,4518,300
6780,4520,301
6783,4522,302
6786,4524,303
6789,4526,304
6792,4528,305
6795,4530,306
6798,4532,307
6801,4534,308
6804,4536,309
6807,4538,310
6810,4540,311
6813,4542,312
6816,4544,313
6819,4546,314
6822,4548,315
