0,0,0
7,158,79
0,0,0
3,2,1
6,4,2
9,6,3
12,8,4
15,10,5
18,12,6
21,14,7
24,16,8
27,18,9
30,20,10
33,22,11
36,24,12
39,26,13
42,28,14
45,30,15
48,32,16
51,34,17
54,36,18
57,38,19
60,40,20
63,42,21
66,44,22
69,46,23
72,48,24
75,50,25
78,52,26
81,54,27
84,56,28
87,58,29
90,60,30
93,62,31
96,64,32
99,66,33
102,68,34
105,70,35
108,72,36
111,74,37
114,76,38
117,78,39
120,80,40
123,82,41
126,84,42
129,86,43
132,88,44
135,90,45
138,92,46
141,94,47
144,96,48
147,98,49
150,100,50
153,102,51
156,104,52
159,106,53
162,108,54
165,110,55
168,112,56
171,114,57
174,116,58
177,118,59
180,120,60
183,122,61
186,124,62
189,126,63
192,128,64
195,130,65
198,132,66
201,134,67
204,136,68
207,138,69
210,140,70
213,142,71
216,144,72
219,146,73
222,148,74
225,150,75
228,152,76
231,154,77
234,156,78
237,158,79
240,160,80
243,162,81
246,164,82
249,166,83
252,168,84
255,170,85
258,172,86
261,174,87
264,176,88
267,178,89
270,180,90
273,182,91
276,184,92
279,186,93
282,188,94
285,190,95
288,192,96
291,194,97
294,196,98
297,198,99
300,200,100
303,202,101
306,204,102
309,206,103
312,208,104
315,210,105
318,212,106
321,214,107
324,216,108
327,218,109
330,220,110
333,222,111
336,224,112
339,226,113
342,228,114
345,230,115
348,232,116
351,234,117
354,236,118
357,238,119
360,240,120
363,242,121
366,244,122
369,246,123
372,248,124
375,250,125
378,252,126
381,254,127
384,256,128
387,258,129
390,260,130
393,262,131
396,264,132
399,266,133
402,268,134
405,270,135
408,272,136
411,274,137
414,276,138
417,278,139
420,280,140
423,282,141
426,284,142
429,286,143
432,288,144
435,290,145
438,292,146
441,294,147
444,296,148
447,298,149
450,300,150
453,302,151
456,304,152
459,306,153
462,308,154
465,310,155
468,312,156
471,314,157
474,316,158
477,318,159
480,320,160
483,322,161
486,324,162
489,326,163
492,328,164
495,330,165
498,332,166
501,334,167
504,336,168
507,338,169
510,340,170
513,342,171
516,344,172
519,346,173
522,348,174
525,350,175
528,352,176
531,354,177
534,356,178
537,358,179
540,360,180
543,362,181
546,364,182
549,366,183
552,368,184
555,370,185
558,372,186
561,374,187
564,376,188
567,378,189
570,380,190
573,382,191
576,384,192
579,386,193
582,388,194
585,390,195
588,392,196
591,394,197
594,396,198
597,398,199
600,400,200
603,402,201
606,404,202
609,406,203
612,408,204
615,410,205
618,412,206
621,414,207
624,416,208
627,418,209
630,420,210
633,422,211
636,424,212
639,426,213
642,428,214
645,430,215
648,432,216
651,434,217
654,436,218
657,438,219
660,440,220
663,442,221
666,444,222
669,446,223
672,448,224
675,450,225
678,452,226
681,454,227
684,456,228
687,458,229
690,460,230
693,462,231
696,464,232
699,466,233
702,468,234
705,470,235
708,472,236
711,474,237
714,476,238
717,478,239
720,480,240
723,482,241
726,484,242
729,486,243
732,488,244
735,490,245
738,492,246
741,494,247
744,496,248
747,498,249
750,500,250
753,502,251
756,504,252
759,506,253
762,508,254
765,510,255
768,512,256
771,514,257
774,516,258
777,518,259
780,520,260
783,522,261
786,524,262
789,526,263
792,528,264
795,530,265
798,532,266
801,534,267
804,536,268
807,538,269
810,540,270
813,542,271
816,544,272
819,546,273
822,548,274
825,550,275
828,552,276
831,554,277
834,556,278
837,558,279
840,560,280
843,562,281
846,564,282
849,566,283
852,568,284
855,570,285
858,572,286
861,574,287
864,576,288
867,578,289
870,580,290
873,582,291
876,584,292
879,586,293
882,588,294
885,590,295
888,592,296
891,594,297
894,596,298
897,598,299
900,600,300
903,602,301
906,604,302
909,606,303
912,608,304
915,610,305
918,612,306
921,614,307
924,616,308
927,618,309
930,620,310
933,622,311
936,624,312
939,626,313
942,628,314
945,630,315
948,632,316
951,634,317
954,636,318
957,638,319
960,640,320
963,642,321
966,644,322
969,646,323
972,648,324
975,650,325
978,652,326
981,654,327
984,656,328
987,658,329
990,660,330
993,662,331
996,664,332
999,666,333
1002,668,334
1005,670,335
1008,672,336
1011,674,337
1014,676,338
1017,678,339
1020,680,340
1023,682,341
1026,684,342
1029,686,343
1032,688,344
1035,690,345
1038,692,346
1041,694,347
1044,696,348
1047,698,349
1050,700,350
1053,702,351
1056,704,352
1059,706,353
1062,708,354
1065,710,355
1068,712,356
1071,714,357
1074,716,358
1077,718,359
1080,720,360
1083,722,0
1086,724,1
1089,726,2
1092,728,3
1095,730,4
1098,732,5
1101,734,6
1104,736,7
1107,738,8
1110,740,9
1113,742,10
1116,744,11
1119,746,12
1122,748,13
1125,750,14
1128,752,15
1131,754,16
1134,756,17
1137,758,18
1140,760,19
1143,762,20
1146,764,21
1149,766,22
1152,768,23
1155,770,24
1158,772,25
1161,774,26
1164,776,27
1167,778,28
1170,780,29
1173,782,30
1176,784,31
1179,786,32
1182,788,33
1185,790,34
1188,792,35
1191,794,36
1194,796,37
1197,798,38
1200,800,39
1203,802,40
1206,804,41
1209,806,42
1212,808,43
1215,810,44
1218,812,45
1221,814,46
1224,816,47
1227,818,48
1230,820,49
1233,822,50
1236,824,51
1239,826,52
1242,828,53
1245,830,54
1248,832,55
1251,834,56
1254,836,57
1257,838,58
1260,840,59
1263,842,60
1266,844,61
1269,846,62
1272,848,63
1275,850,64
1278,852,65
1281,854,66
1284,856,67
1287,858,68
1290,860,69
1293,862,70
1296,864,71
1299,866,72
1302,868,73
1305,870,74
1308,872,75
1311,874,76
1314,876,77
1317,878,78
1320,880,79
1323,882,80
1326,884,81
1329,886,82
1332,888,83
1335,890,84
1338,892,85
1341,894,86
1344,896,87
1347,898,88
1350,900,89
1353,902,90
1356,904,91
1359,906,92
1362,908,93
1365,910,94
1368,912,95
1371,914,96
1374,916,97
1377,918,98
1380,920,99
1383,922,100
1386,924,101
1389,926,102
1392,928,103
1395,930,104
1398,932,105
1401,934,106
1404,936,107
1407,938,108
1410,940,109
1413,942,110
1416,944,111
1419,946,112
1422,948,113
1425,950,114
1428,952,115
1431,954,116
1434,956,117
1437,958,118
1440,960,119
1443,962,120
1446,964,121
1449,966,122
1452,968,123
1455,970,124
1458,972,125
1461,974,126
1464,976,127
1467,978,128
1470,980,129
1473,982,130
1476,984,131
1479,986,132
1482,988,133
1485,990,134
1488,992,135
1491,994,136
1494,996,137
1497,998,138
1500,1000,139
1503,1002,140
1506,1004,141
1509,1006,142
1512,1008,143
1515,1010,144
1518,1012,145
1521,1014,146
1524,1016,147
1527,1018,148
1530,1020,149
1533,1022,150
1536,1024,151
1539,1026,152
1542,1028,153
1545,1030,154
1548,1032,155
1551,1034,156
1554,1036,157
1557,1038,158
1560,1040,159
1563,1042,160
1566,1044,161
1569,1046,162
1572,1048,163
1575,1050,164
1578,1052,165
1581,1054,166
1584,1056,167
1587,1058,168
1590,1060,169
1593,1062,170
1596,1064,171
1599,1066,172
1602,1068,173
1605,1070,174
1608,1072,175
1611,1074,176
1614,1076,177
1617,1078,178
1620,1080,179
1623,1082,180
1626,1084,181
1629,1086,182
1632,1088,183
1635,1090,184
1638,1092,185
1641,1094,186
1644,1096,187
1647,1098,188
1650,1100,189
1653,1102,190
1656,1104,191
1659,1106,192
1662,1108,193
1665,1110,194
1668,1112,195
1671,1114,196
1674,1116,197
1677,1118,198
1680,1120,199
1683,1122,200
1686,1124,201
1689,1126,202
1692,1128,203
1695,1130,204
1698,1132,205
1701,1134,206
1704,1136,207
1707,1138,208
1710,1140,209
1713,1142,210
1716,1144,211
1719,1146,212
1722,1148,213
1725,1150,214
1728,1152,215
1731,1154,216
1734,1156,217
1737,1158,218
1740,1160,219
1743,1162,220
1746,1164,221
1749,1166,222
1752,1168,223
1755,1170,224
1758,1172,225
1761,1174,226
1764,1176,227
1767,1178,228
1770,1180,229
1773,1182,230
1776,1184,231
1779,1186,232
1782,1188,233
1785,1190,234
1788,1192,235
1791,1194,236
1794,1196,237
1797,1198,238
1800,1200,239
1803,1202,240
1806,1204,241
1809,1206,242
1812,1208,243
1815,1210,244
1818,1212,245
1821,1214,246
1824,1216,247
1827,1218,248
1830,1220,249
1833,1222,250
1836,1224,251
1839,1226,252
1842,1228,253
1845,1230,254
1848,1232,255
1851,1234,256
1854,1236,257
1857,1238,258
1860,1240,259
1863,1242,260
1866,1244,261
1869,1246,262
1872,1248,263
1875,1250,264
1878,1252,265
1881,1254,266
1884,1256,267
1887,1258,268
1890,1260,269
1893,1262,270
1896,1264,271
1899,1266,272
1902,1268,273
1905,1270,274
1908,1272,275
1911,1274,276
1914,1276,277
1917,1278,278
1920,1280,279
1923,1282,280
1926,1284,281
1929,1286,282
1932,1288,283
1935,1290,284
1938,1292,285
1941,1294,286
1944,1296,287
1947,1298,288
1950,1300,289
1953,1302,290
1956,1304,291
1959,1306,292
1962,1308,293
1965,1310,294
1968,1312,295
1971,1314,296
1974,1316,297
1977,1318,298
1980,1320,299
1983,1322,300
1986,1324,301
1989,1326,302
1992,1328,303
1995,1330,304
1998,1332,305
2001,1334,306
2004,1336,307
2007,1338,308
2010,1340,309
2013,1342,310
2016,1344,311
2019,1346,312
2022,1348,313
2025,1350,314
2028,1352,315
2031,1354,316
2034,1356,317
2037,1358,318
2040,1360,319
2043,1362,320
2046,1364,321
2049,1366,322
2052,1368,323
2055,1370,324
2058,1372,325
2061,1374,326
2064,1376,327
2067,1378,328
2070,1380,329
2073,1382,330
2076,1384,331
2079,1386,332
2082,1388,333
2085,1390,334
2088,1392,335
2091,1394,336
2094,1396,337
2097,1398,338
2100,1400,339
2103,1402,340
2106,1404,341
2109,1406,342
2112,1408,343
2115,1410,344
2118,1412,345
2121,1414,346
2124,1416,347
2127,1418,348
2130,1420,349
2133,1422,350
2136,1424,351
2139,1426,352
2142,1428,353
2145,1430,354
2148,1432,355
2151,1434,356
2154,1436,357
2157,1438,358
2160,1440,359
2163,1442,360
2166,1444,0
2169,1446,1
2172,1448,2
2175,1450,3
2178,1452,4
2181,1454,5
2184,1456,6
2187,1458,7
2190,1460,8
2193,1462,9
2196,1464,10
2199,1466,11
2202,1468,12
2205,1470,13
2208,1472,14
2211,1474,15
2214,1476,16
2217,1478,17
2220,1480,18
2223,1482,19
2226,1484,20
2229,1486,21
2232,1488,22
2235,1490,23
2238,1492,24
2241,1494,25
2244,1496,26
2247,1498,27
2250,1500,28
2253,1502,29
2256,1504,30
2259,1506,31
2262,1508,32
2265,1510,33
2268,1512,34
2271,1514,35
2274,1516,36
2277,1518,37
2280,1520,38
2283,1522,39
2286,1524,40
2289,1526,41
2292,1528,42
2295,1530,43
2298,1532,44
2301,1534,45
2304,1536,46
2307,1538,47
2310,1540,48
2313,1542,49
2316,1544,50
2319,1546,51
2322,1548,52
2325,1550,53
2328,1552,54
2331,1554,55
2334,1556,56
2337,1558,57
2340,1560,58
2343,1562,59
2346,1564,60
2349,1566,61
2352,1568,62
2355,1570,63
2358,1572,64
2361,1574,65
2364,1576,66
2367,1578,67
2370,1580,68
2373,1582,69
2376,1584,70
2379,1586,71
2382,1588,72
2385,1590,73
2388,1592,74
2391,1594,75
2394,1596,76
2397,1598,77
2400,1600,78
2403,1602,79
2406,1604,80
2409,1606,81
2412,1608,82
2415,1610,83
2418,1612,84
2421,1614,85
2424,1616,86
2427,1618,87
2430,1620,88
2433,1622,89
2436,1624,90
2439,1626,91
2442,1628,92
2445,1630,93
2448,1632,94
2451,1634,95
2454,1636,96
2457,1638,97
2460,1640,98
2463,1642,99
2466,1644,100
2469,1646,101
2472,1648,102
2475,1650,103
2478,1652,104
2481,1654,105
2484,1656,106
2487,1658,107
2490,1660,108
2493,1662,109
2496,1664,110
2499,1666,111
2502,1668,112
2505,1670,113
2508,1672,114
2511,1674,115
2514,1676,116
2517,1678,117
2520,1680,118
2523,1682,119
2526,1684,120
2529,1686,121
2532,1688,122
2535,1690,123
2538,1692,124
2541,1694,125
2544,1696,126
2547,1698,127
2550,1700,128
2553,1702,129
2556,1704,130
2559,1706,131
2562,1708,132
2565,1710,133
2568,1712,134
2571,1714,135
2574,1716,136
2577,1718,137
2580,1720,138
2583,1722,139
2586,1724,140
2589,1726,141
2592,1728,142
2595,1730,143
2598,1732,144
2601,1734,145
2604,1736,146
2607,1738,147
2610,1740,148
2613,1742,149
2616,1744,150
2619,1746,151
2622,1748,152
2625,1750,153
2628,1752,154
2631,1754,155
2634,1756,156
2637,1758,157
2640,1760,158
2643,1762,159
2646,1764,160
2649,1766,161
2652,1768,162
2655,1770,163
2658,1772,164
2661,1774,165
2664,1776,166
2667,1778,167
2670,1780,168
2673,1782,169
2676,1784,170
2679,1786,171
2682,1788,172
2685,1790,173
2688,1792,174
2691,1794,175
2694,1796,176
2697,1798,177
2700,1800,178
2703,1802,179
2706,1804,180
2709,1806,181
2712,1808,182
2715,1810,183
2718,1812,184
2721,1814,185
2724,1816,186
2727,1818,187
2730,1820,188
2733,1822,189
2736,1824,190
2739,1826,191
2742,1828,192
2745,1830,193
2748,1832,194
2751,1834,195
2754,1836,196
2757,1838,197
2760,1840,198
2763,1842,199
2766,1844,200
2769,1846,201
2772,1848,202
2775,1850,203
2778,1852,204
2781,1854,205
2784,1856,206
2787,1858,207
2790,1860,208
2793,1862,209
2796,1864,210
2799,1866,211
2802,1868,212
2805,1870,213
2808,1872,214
2811,1874,215
2814,1876,216
2817,1878,217
2820,1880,218
2823,1882,219
2826,1884,220
2829,1886,221
2832,1888,222
2835,1890,223
2838,1892,224
2841,1894,225
2844,1896,226
2847,1898,227
2850,1900,228
2853,1902,229
2856,1904,230
2859,1906,231
2862,1908,232
2865,1910,233
2868,1912,234
2871,1914,235
2874,1916,236
2877,1918,237
2880,1920,238
2883,1922,239
2886,1924,240
2889,1926,241
2892,1928,242
2895,1930,243
2898,1932,244
2901,1934,245
2904,1936,246
2907,1938,247
2910,1940,248
2913,1942,249
2916,1944,250
2919,1946,251
2922,1948,252
2925,1950,253
2928,1952,254
2931,1954,255
2934,1956,256
2937,1958,257
2940,1960,258
2943,1962,259
2946,1964,260
2949,1966,261
2952,1968,262
2955,1970,263
2958,1972,264
2961,1974,265
2964,1976,266
2967,1978,267
2970,1980,268
2973,1982,269
2976,1984,270
2979,1986,271
2982,1988,272
2985,1990,273
2988,1992,274
2991,1994,275
2994,1996,276
2997,1998,277
3000,2000,278
3003,2002,279
3006,2004,280
3009,2006,281
3012,2008,282
3015,2010,283
3018,2012,284
3021,2014,285
3024,2016,286
3027,2018,287
3030,2020,288
3033,2022,289
3036,2024,290
3039,2026,291
3042,2028,292
3045,2030,293
3048,2032,294
3051,2034,295
3054,2036,296
3057,2038,297
3060,2040,298
3063,2042,299
3066,2044,300
3069,2046,301
3072,2048,302
3075,2050,303
3078,2052,304
3081,2054,305
3084,2056,306
3087,2058,307
3090,2060,308
3093,2062,309
3096,2064,310
3099,2066,311
3102,2068,312
3105,2070,313
3108,2072,314
3111,2074,315
3114,2076,316
3117,2078,317
3120,2080,318
3123,2082,319
3126,2084,320
3129,2086,321
3132,2088,322
3135,2090,323
3138,2092,324
3141,2094,325
3144,2096,326
3147,2098,327
3150,2100,328
3153,2102,329
3156,2104,330
3159,2106,331
3162,2108,332
3165,2110,333
3168,2112,334
3171,2114,335
3174,2116,336
3177,2118,337
3180,2120,338
3183,2122,339
3186,2124,340
3189,2126,341
3192,2128,342
3195,2130,343
3198,2132,344
3201,2134,345
3204,2136,346
3207,2138,347
3210,2140,348
3213,2142,349
3216,2144,350
3219,2146,351
3222,2148,352
3225,2150,353
3228,2152,354
3231,2154,355
3234,2156,356
3237,2158,357
3240,2160,358
3243,2162,359
3246,2164,360
3249,2166,0
3252,2168,1
3255,2170,2
3258,2172,3
3261,2174,4
3264,2176,5
3267,2178,6
3270,2180,7
3273,2182,8
3276,2184,9
3279,2186,10
3282,2188,11
3285,2190,12
3288,2192,13
3291,2194,14
3294,2196,15
3297,2198,16
3300,2200,17
3303,2202,18
3306,2204,19
3309,2206,20
3312,2208,21
3315,2210,22
3318,2212,23
3321,2214,24
3324,2216,25
3327,2218,26
3330,2220,27
3333,2222,28
3336,2224,29
3339,2226,30
3342,2228,31
3345,2230,32
3348,2232,33
3351,2234,34
3354,2236,35
3357,2238,36
3360,2240,37
3363,2242,38
3366,2244,39
3369,2246,40
3372,2248,41
3375,2250,42
3378,2252,43
3381,2254,44
3384,2256,45
3387,2258,46
3390,2260,47
3393,2262,48
3396,2264,49
3399,2266,50
3402,2268,51
3405,2270,52
3408,2272,53
3411,2274,54
3414,2276,55
3417,2278,56
3420,2280,57
3423,2282,58
3426,2284,59
3429,2286,60
3432,2288,61
3435,2290,62
3438,2292,63
3441,2294,64
3444,2296,65
3447,2298,66
3450,2300,67
3453,2302,68
3456,2304,69
3459,2306,70
3462,2308,71
3465,2310,72
3468,2312,73
3471,2314,74
3474,2316,75
3477,2318,76
3480,2320,77
3483,2322,78
3486,2324,79
3489,2326,80
3492,2328,81
3495,2330,82
3498,2332,83
3501,2334,84
3504,2336,85
3507,2338,86
3510,2340,87
3513,2342,88
3516,2344,89
3519,2346,90
3522,2348,91
3525,2350,92
3528,2352,93
3531,2354,94
3534,2356,95
3537,2358,96
3540,2360,97
3543,2362,98
3546,2364,99
3549,2366,100
3552,2368,101
3555,2370,102
3558,2372,103
3561,2374,104
3564,2376,105
3567,2378,106
3570,2380,107
3573,2382,108
3576,2384,109
3579,2386,110
3582,2388,111
3585,2390,112
3588,2392,113
3591,2394,114
3594,2396,115
3597,2398,116
3600,2400,117
3603,2402,118
3606,2404,119
3609,2406,120
3612,2408,121
3615,2410,122
3618,2412,123
3621,2414,124
3624,2416,125
3627,2418,126
3630,2420,127
3633,2422,128
3636,2424,129
3639,2426,130
3642,2428,131
3645,2430,132
3648,2432,133
3651,2434,134
3654,2436,135
3657,2438,136
3660,2440,137
3663,2442,138
3666,2444,139
3669,2446,140
3672,2448,141
3675,2450,142
3678,2452,143
3681,2454,144
3684,2456,145
3687,2458,146
3690,2460,147
3693,2462,148
3696,2464,149
3699,2466,150
3702,2468,151
3705,2470,152
3708,2472,153
3711,2474,154
3714,2476,155
3717,2478,156
3720,2480,157
3723,2482,158
3726,2484,159
3729,2486,160
3732,2488,161
3735,2490,162
3738,2492,163
3741,2494,164
3744,2496,165
3747,2498,166
3750,2500,167
3753,2502,168
3756,2504,169
3759,2506,170
3762,2508,171
3765,2510,172
3768,2512,173
3771,2514,174
3774,2516,175
3777,2518,176
3780,2520,177
3783,2522,178
3786,2524,179
3789,2526,180
3792,2528,181
3795,2530,182
3798,2532,183
3801,2534,184
3804,2536,185
3807,2538,186
3810,2540,187
3813,2542,188
3816,2544,189
3819,2546,190
3822,2548,191
3825,2550,192
3828,2552,193
3831,2554,194
3834,2556,195
3837,2558,196
3840,2560,197
3843,2562,198
3846,2564,199
3849,2566,200
3852,2568,201
3855,2570,202
3858,2572,203
3861,2574,204
3864,2576,205
3867,2578,206
3870,2580,207
3873,2582,208
3876,2584,209
3879,2586,210
3882,2588,211
3885,2590,212
3888,2592,213
3891,2594,214
3894,2596,215
3897,2598,216
3900,2600,217
3903,2602,218
3906,2604,219
3909,2606,220
3912,2608,221
3915,2610,222
3918,2612,223
3921,2614,224
3924,2616,225
3927,2618,226
3930,2620,227
3933,2622,228
3936,2624,229
3939,2626,230
3942,2628,231
3945,2630,232
3948,2632,233
3951,2634,234
3954,2636,235
3957,2638,236
3960,2640,237
3963,2642,238
3966,2644,239
3969,2646,240
3972,2648,241
3975,2650,242
3978,2652,243
3981,2654,244
3984,2656,245
3987,2658,246
3990,2660,247
3993,2662,248
3996,2664,249
3999,2666,250
4002,2668,251
4005,2670,252
4008,2672,253
4011,2674,254
4014,2676,255
4017,2678,256
4020,2680,257
4023,2682,258
4026,2684,259
4029,2686,260
4032,2688,261
4035,2690,262
4038,2692,263
4041,2694,264
4044,2696,265
4047,2698,266
4050,2700,267
4053,2702,268
4056,2704,269
4059,2706,270
4062,2708,271
4065,2710,272
4068,2712,273
4071,2714,274
4074,2716,275
4077,2718,276
4080,2720,277
4083,2722,278
4086,2724,279
4089,2726,280
4092,2728,281
4095,2730,282
4098,2732,283
4101,2734,284
4104,2736,285
4107,2738,286
4110,2740,287
4113,2742,288
4116,2744,289
4119,2746,290
4122,2748,291
4125,2750,292
4128,2752,293
4131,2754,294
4134,2756,295
4137,2758,296
4140,2760,297
4143,2762,298
4146,2764,299
4149,2766,300
4152,2768,301
4155,2770,302
4158,2772,303
4161,2774,304
4164,2776,305
4167,2778,306
4170,2780,307
4173,2782,308
4176,2784,309
4179,2786,310
4182,2788,311
4185,2790,312
4188,2792,313
4191,2794,314
4194,2796,315
4197,2798,316
4200,2800,317
4203,2802,318
4206,2804,319
4209,2806,320
4212,2808,321
4215,2810,322
4218,2812,323
4221,2814,324
4224,2816,325
4227,2818,326
4230,2820,327
4233,2822,328
4236,2824,329
4239,2826,330
4242,2828,331
4245,2830,332
4248,2832,333
4251,2834,334
4254,2836,335
4257,2838,336
4260,2840,337
4263,2842,338
4266,2844,339
4269,2846,340
4272,2848,341
4275,2850,342
4278,2852,343
4281,2854,344
4284,2856,345
4287,2858,346
4290,2860,347
4293,2862,348
4296,2864,349
4299,2866,350
4302,2868,351
4305,2870,352
4308,2872,353
4311,2874,354
4314,2876,355
4317,2878,356
4320,2880,357
4323,2882,358
4326,2884,359
4329,2886,360
4332,2888,0
4335,2890,1
4338,2892,2
4341,2894,3
4344,2896,4
4347,2898,5
4350,2900,6
4353,2902,7
4356,2904,8
4359,2906,9
4362,2908,10
4365,2910,11
4368,2912,12
4371,2914,13
4374,2916,14
4377,2918,15
4380,2920,16
4383,2922,17
4386,2924,18
4389,2926,19
4392,2928,20
4395,2930,21
4398,2932,22
4401,2934,23
4404,2936,24
4407,2938,25
4410,2940,26
4413,2942,27
4416,2944,28
4419,2946,29
4422,2948,30
4425,2950,31
4428,2952,32
4431,2954,33
4434,2956,34
4437,2958,35
4440,2960,36
4443,2962,37
4446,2964,38
4449,2966,39
4452,2968,40
4455,2970,41
4458,2972,42
4461,2974,43
4464,2976,44
4467,2978,45
4470,2980,46
4473,2982,47
4476,2984,48
4479,2986,49
4482,2988,50
4485,2990,51
4488,2992,52
4491,2994,53
4494,2996,54
4497,2998,55
4500,3000,56
4503,3002,57
4506,3004,58
4509,3006,59
4512,3008,60
4515,3010,61
4518,3012,62
4521,3014,63
4524,3016,64
4527,3018,65
4530,3020,66
4533,3022,67
4536,3024,68
4539,3026,69
4542,3028,70
4545,3030,71
4548,3032,72
4551,3034,73
4554,3036,74
4557,3038,75
4560,3040,76
4563,3042,77
4566,3044,78
4569,3046,79
4572,3048,80
4575,3050,81
4578,3052,82
4581,3054,83
4584,3056,84
4587,3058,85
4590,3060,86
4593,3062,87
4596,3064,88
4599,3066,89
4602,3068,90
4605,3070,91
4608,3072,92
4611,3074,93
4614,3076,94
4617,3078,95
4620,3080,96
4623,3082,97
4626,3084,98
4629,3086,99
4632,3088,100
4635,3090,101
4638,3092,102
4641,3094,103
4644,3096,104
4647,3098,105
4650,3100,106
4653,3102,107
4656,3104,108
4659,3106,109
4662,3108,110
4665,3110,111
4668,3112,112
4671,3114,113
4674,3116,114
4677,3118,115
4680,3120,116
4683,3122,117
4686,3124,118
4689,3126,119
4692,3128,120
4695,3130,121
4698,3132,122
4701,3134,123
4704,3136,124
4707,3138,125
4710,3140,126
4713,3142,127
4716,3144,128
4719,3146,129
4722,3148,130
4725,3150,131
4728,3152,132
4731,3154,133
4734,3156,134
4737,3158,135
4740,3160,136
4743,3162,137
4746,3164,138
4749,3166,139
4752,3168,140
4755,3170,141
4758,3172,142
4761,3174,143
4764,3176,144
4767,3178,145
4770,3180,146
4773,3182,147
4776,3184,148
4779,3186,149
4782,3188,150
4785,3190,151
4788,3192,152
4791,3194,153
4794,3196,154
4797,3198,155
4800,3200,156
4803,3202,157
4806,3204,158
4809,3206,159
4812,3208,160
4815,3210,161
4818,3212,162
4821,3214,163
4824,3216,164
4827,3218,165
4830,3220,166
4833,3222,167
4836,3224,168
4839,3226,169
4842,3228,170
4845,3230,171
4848,3232,172
4851,3234,173
4854,3236,174
4857,3238,175
4860,3240,176
4863,3242,177
4866,3244,178
4869,3246,179
4872,3248,180
4875,3250,181
4878,3252,182
4881,3254,183
4884,3256,184
4887,3258,185
4890,3260,186
4893,3262,187
4896,3264,188
4899,3266,189
4902,3268,190
4905,3270,191
4908,3272,192
4911,3274,193
4914,3276,194
4917,3278,195
4920,3280,196
4923,3282,197
4926,3284,198
4929,3286,199
4932,3288,200
4935,3290,201
4938,3292,202
4941,3294,203
4944,3296,204
4947,3298,205
4950,3300,206
4953,3302,207
4956,3304,208
4959,3306,209
4962,3308,210
4965,3310,211
4968,3312,212
4971,3314,213
4974,3316,214
4977,3318,215
4980,3320,216
4983,3322,217
4986,3324,218
4989,3326,219
4992,3328,220
4995,3330,221
4998,3332,222
5001,3334,223
5004,3336,224
5007,3338,225
5010,3340,226
5013,3342,227
5016,3344,228
5019,3346,229
5022,3348,230
5025,3350,231
5028,3352,232
5031,3354,233
5034,3356,234
5037,3358,235
5040,3360,236
5043,3362,237
5046,3364,238
5049,3366,239
5052,3368,240
5055,3370,241
5058,3372,242
5061,3374,243
5064,3376,244
5067,3378,245
5070,3380,246
5073,3382,247
5076,3384,248
5079,3386,249
5082,3388,250
5085,3390,251
5088,3392,252
5091,3394,253
5094,3396,254
5097,3398,255
5100,3400,256
5103,3402,257
5106,3404,258
5109,3406,259
5112,3408,260
5115,3410,261
5118,3412,262
5121,3414,263
5124,3416,264
5127,3418,265
5130,3420,266
5133,3422,267
5136,3424,268
5139,3426,269
5142,3428,270
5145,3430,271
5148,3432,272
5151,3434,273
5154,3436,274
5157,3438,275
5160,3440,276
5163,3442,277
5166,3444,278
5169,3446,279
5172,3448,280
5175,3450,281
5178,3452,282
5181,3454,283
5184,3456,284
5187,3458,285
5190,3460,286
5193,3462,287
5196,3464,288
5199,3466,289
5202,3468,290
5205,3470,291
5208,3472,292
5211,3474,293
5214,3476,294
5217,3478,295
5220,3480,296
5223,3482,297
5226,3484,298
5229,3486,299
5232,3488,300
5235,3490,301
5238,3492,302
5241,3494,303
5244,3496,304
5247,3498,305
5250,3500,306
5253,3502,307
5256,3504,308
5259,3506,309
5262,3508,310
5265,3510,311
5268,3512,312
5271,3514,313
5274,3516,314
5277,3518,315
5280,3520,316
5283,3522,317
5286,3524,318
5289,3526,319
5292,3528,320
5295,3530,321
5298,3532,322
5301,3534,323
5304,3536,324
5307,3538,325
5310,3540,326
5313,3542,327
5316,3544,328
5319,3546,329
5322,3548,330
5325,3550,331
5328,3552,332
5331,3554,333
5334,3556,334
5337,3558,335
5340,3560,336
5343,3562,337
5346,3564,338
5349,3566,339
5352,3568,340
5355,3570,341
5358,3572,342
5361,3574,343
5364,3576,344
5367,3578,345
5370,3580,346
5373,3582,347
5376,3584,348
5379,3586,349
5382,3588,350
5385,3590,351
5388,3592,352
5391,3594,353
5394,3596,354
5397,3598,355
5400,3600,356
5403,3602,357
5406,3604,358
5409,3606,359
5412,3608,360
5415,3610,0
5418,3612,1
5421,3614,2
5424,3616,3
5427,3618,4
5430,3620,5
5433,3622,6
5436,3624,7
5439,3626,8
5442,3628,9
5445,3630,10
5448,3632,11
5451,3634,12
5454,3636,13
5457,3638,14
5460,3640,15
5463,3642,16
5466,3644,17
5469,3646,18
5472,3648,19
5475,3650,20
5478,3652,21
5481,3654,22
5484,3656,23
5487,3658,24
5490,3660,25
5493,3662,26
5496,3664,27
5499,3666,28
5502,3668,29
5505,3670,30
5508,3672,31
5511,3674,32
5514,3676,33
5517,3678,34
5520,3680,35
5523,3682,36
5526,3684,37
5529,3686,38
5532,3688,39
5535,3690,40
5538,3692,41
5541,3694,42
5544,3696,43
5547,3698,44
5550,3700,45
5553,3702,46
5556,3704,47
5559,3706,48
5562,3708,49
5565,3710,50
5568,3712,51
5571,3714,52
5574,3716,53
5577,3718,54
5580,3720,55
5583,3722,56
5586,3724,57
5589,3726,58
5592,3728,59
5595,3730,60
5598,3732,61
5601,3734,62
5604,3736,63
5607,3738,64
5610,3740,65
5613,3742,66
5616,3744,67
5619,3746,68
5622,3748,69
5625,3750,70
5628,3752,71
5631,3754,72
5634,3756,73
5637,3758,74
5640,3760,75
5643,3762,76
5646,3764,77
5649,3766,78
5652,3768,79
5655,3770,80
5658,3772,81
5661,3774,82
5664,3776,83
5667,3778,84
5670,3780,85
5673,3782,86
5676,3784,87
5679,3786,88
5682,3788,89
5685,3790,90
5688,3792,91
5691,3794,92
5694,3796,93
5697,3798,94
5700,3800,95
5703,3802,96
5706,3804,97
5709,3806,98
5712,3808,99
5715,3810,100
5718,3812,101
5721,3814,102
5724,3816,103
5727,3818,104
5730,3820,105
5733,3822,106
5736,3824,107
5739,3826,108
5742,3828,109
5745,3830,110
5748,3832,111
5751,3834,112
5754,3836,113
5757,3838,114
5760,3840,115
5763,3842,116
5766,3844,117
5769,3846,118
5772,3848,119
5775,3850,120
5778,3852,121
5781,3854,122
5784,3856,123
5787,3858,124
5790,3860,125
5793,3862,126
5796,3864,127
5799,3866,128
5802,3868,129
5805,3870,130
5808,3872,131
5811,3874,132
5814,3876,133
5817,3878,134
5820,3880,135
5823,3882,136
5826,3884,137
5829,3886,138
5832,3888,139
5835,3890,140
5838,3892,141
5841,3894,142
5844,3896,143
5847,3898,144
5850,3900,145
5853,3902,146
5856,3904,147
5859,3906,148
5862,3908,149
5865,3910,150
5868,3912,151
5871,3914,152
5874,3916,153
5877,3918,154
5880,3920,155
5883,3922,156
5886,3924,157
5889,3926,158
5892,3928,159
5895,3930,160
5898,3932,161
5901,3934,162
5904,3936,163
5907,3938,164
5910,3940,165
5913,3942,166
5916,3944,167
5919,3946,168
5922,3948,169
5925,3950,170
5928,3952,171
5931,3954,172
5934,3956,173
5937,3958,174
5940,3960,175
5943,3962,176
5946,3964,177
5949,3966,178
5952,3968,179
5955,3970,180
